	0.000000	296.909638	360.624392	0.171113	493.061601	5.735808
	0.004168	296.900030	360.602899	0.170511	493.101366	5.735928
	0.008336	296.890997	360.630790	0.170382	493.105896	5.736425
	0.012505	296.882324	360.695457	0.171057	493.072950	5.737070
	0.016673	296.880401	360.706498	0.170620	493.101564	5.737579
	0.020841	297.166912	360.015444	0.171310	493.123008	5.726835
	0.025010	298.169957	356.297259	0.170932	493.177998	5.668322
	0.029179	300.118608	348.271676	0.170904	493.303215	5.542050
	0.033347	302.759524	336.572975	0.170767	493.504997	5.358079
	0.037514	305.549421	324.157879	0.171905	493.693250	5.162405
	0.041682	308.227268	312.940021	0.170242	493.857476	4.985412
	0.045850	310.705628	303.542172	0.170448	494.013454	4.837223
	0.050018	312.971962	295.965217	0.170739	494.142832	4.717713
	0.054186	315.043877	289.944356	0.170164	494.251233	4.622753
	0.058354	316.947874	285.230903	0.170360	494.284337	4.547909
	0.062522	318.707996	281.512938	0.170428	494.324578	4.488992
	0.066690	320.347502	278.591761	0.169636	494.395534	4.443049
	0.070859	321.885294	276.306340	0.170173	494.454026	4.407122
	0.075027	323.337613	274.572155	0.170892	494.452267	4.379446
	0.079195	324.716026	273.256246	0.170283	494.467246	4.358589
	0.083365	326.072183	272.249092	0.170681	494.504328	4.342850
	0.087533	327.346622	271.537637	0.170488	494.500177	4.331465
	0.091701	328.074996	271.121699	0.170301	494.518219	4.324988
	0.095869	328.494920	270.919553	0.170825	494.494062	4.321552
	0.100037	328.711562	270.801607	0.170488	494.495556	4.319684
	0.104205	328.961683	270.733646	0.169743	494.520874	4.318821
	0.108373	329.714997	270.693287	0.170191	494.528266	4.318241
	0.112541	330.804839	270.717771	0.170036	494.510105	4.318473
	0.116709	332.022318	270.822534	0.170329	494.516098	4.320197
	0.120877	333.261032	271.054593	0.170560	494.502188	4.323777
	0.125044	334.479431	271.381774	0.170681	494.493127	4.328917
	0.129212	335.661979	271.802261	0.170434	494.502253	4.335704
	0.133380	336.806154	272.310388	0.170459	494.506009	4.343843
	0.137549	337.913674	272.917988	0.170079	494.473809	4.353252
	0.141718	338.989926	273.577282	0.170220	494.466982	4.363708
	0.145886	340.040263	274.283102	0.170401	494.458933	4.374895
	0.150054	341.066532	275.048984	0.171090	494.438222	4.386927
	0.154222	342.072428	275.853441	0.170465	494.441210	4.399784
	0.158391	343.059941	276.699052	0.170222	494.428047	4.413154
	0.162559	344.033168	277.581321	0.170902	494.401853	4.426991
	0.166727	344.992901	278.492309	0.170172	494.389447	4.441408
	0.170895	345.940362	279.421584	0.170763	494.374375	4.456093
	0.175063	346.877562	280.375442	0.170060	494.378756	4.471344
	0.179232	347.806627	281.365125	0.170923	494.344290	4.486814
	0.183400	348.725522	282.374926	0.170661	494.310442	4.502609
	0.187568	349.637263	283.408357	0.169761	494.294555	4.518942
	0.191736	350.542262	284.461455	0.170152	494.285687	4.535652
	0.195905	351.441644	285.529529	0.169972	494.280815	4.552638
	0.200073	352.336227	286.635685	0.170048	494.261306	4.570094
	0.204241	353.225598	287.768785	0.169972	494.229542	4.587866
	0.208409	354.109767	288.899976	0.170703	494.206356	4.605684
	0.212577	354.989187	290.038275	0.170163	494.201430	4.623785
	0.216746	355.865521	291.203177	0.170346	494.198074	4.642324
	0.220914	356.736966	292.425422	0.170158	494.120301	4.661075
	0.225081	357.606512	293.609844	0.169961	494.143737	4.680176
	0.229250	358.508710	294.856965	0.170375	494.124604	4.699874
	0.233419	359.470782	296.157064	0.170059	494.103171	4.720392
	0.237587	360.073673	297.321973	0.170211	494.088793	4.738821
	0.241755	360.235049	298.195098	0.170327	494.088263	4.752732
	0.245923	359.864771	298.615036	0.170531	494.081746	4.759363
	0.250090	359.351000	298.661619	0.170255	494.070353	4.759995
	0.254259	358.888147	298.553963	0.170146	494.078228	4.758355
	0.258427	358.529193	298.418448	0.170166	494.064055	4.756059
	0.262595	358.021172	298.198914	0.169934	494.079675	4.752710
	0.266763	356.919241	297.584477	0.169922	494.062167	4.742749
	0.270931	355.542997	296.538691	0.170282	494.101564	4.726459
	0.275098	354.173538	295.309484	0.170427	494.120614	4.707048
	0.279266	352.924402	294.024431	0.170406	494.150404	4.686848
	0.283434	351.824080	292.809512	0.170522	494.163073	4.667602
	0.287602	350.866171	291.659831	0.169874	494.203619	4.649656
	0.291770	350.035038	290.623154	0.169902	494.226343	4.633343
	0.295938	349.310708	289.695771	0.170523	494.215825	4.618459
	0.300107	348.676208	288.851745	0.169572	494.242555	4.605252
	0.304275	348.119287	288.084102	0.170220	494.259051	4.593167
	0.308444	347.625798	287.406819	0.170317	494.250766	4.582292
	0.312613	347.186978	286.789665	0.170202	494.269966	4.572630
	0.316780	346.793608	286.220272	0.169673	494.284321	4.563684
	0.320949	346.441117	285.717710	0.170627	494.275382	4.555588
	0.325116	346.122032	285.246779	0.170331	494.295384	4.548263
	0.329285	345.835190	284.808052	0.169970	494.321896	4.541511
	0.333452	345.571461	284.439992	0.170944	494.314808	4.535577
	0.337620	345.331509	284.093480	0.170130	494.304366	4.529956
	0.341789	345.111233	283.778295	0.170552	494.292546	4.524822
	0.345957	344.906788	283.472190	0.169815	494.310377	4.520105
	0.350125	344.719173	283.197564	0.170795	494.325297	4.515862
	0.354293	344.545371	282.940684	0.170498	494.331140	4.511819
	0.358461	344.382019	282.713117	0.170642	494.331519	4.508194
	0.362630	344.230922	282.501535	0.170392	494.328549	4.504793
	0.366798	344.088269	282.286440	0.171392	494.351261	4.501570
	0.370966	343.952986	282.105652	0.170101	494.341617	4.498599
	0.375134	343.827194	281.918391	0.170821	494.361436	4.495793
	0.379303	343.706336	281.772907	0.170686	494.335476	4.493237
	0.383472	343.590956	281.613427	0.170590	494.343948	4.490771
	0.387641	343.480789	281.466478	0.170305	494.353429	4.488513
	0.391808	343.376757	281.321687	0.170174	494.359656	4.486261
	0.395976	343.274542	281.192699	0.170266	494.369273	4.484291
	0.400144	343.177808	281.065041	0.170276	494.373769	4.482296
	0.404312	343.082986	280.953362	0.170573	494.358008	4.480372
	0.408482	342.992271	280.831230	0.170765	494.372181	4.478553
	0.412649	342.903698	280.726320	0.170325	494.367476	4.476838
	0.416818	342.818063	280.624230	0.170350	494.377115	4.475297
	0.420986	342.733779	280.530746	0.170806	494.366979	4.473714
	0.425154	342.651604	280.430673	0.170327	494.367301	4.472121
	0.429324	342.571999	280.329226	0.170142	494.382681	4.470642
	0.433492	342.491716	280.251732	0.169556	494.365345	4.469250
	0.437661	342.415301	280.154459	0.170781	494.381526	4.467845
	0.441829	342.339219	280.076477	0.170127	494.371564	4.466511
	0.445997	342.264907	279.985797	0.169974	494.386209	4.465197
	0.450165	342.190766	279.907840	0.169843	494.382621	4.463922
	0.454333	342.119660	279.827220	0.170620	494.381729	4.462628
	0.458502	342.047214	279.740376	0.170463	494.407220	4.461473
	0.462670	341.977464	279.668986	0.169512	494.395049	4.460225
	0.466839	341.908472	279.583262	0.170371	494.418250	4.459067
	0.471006	341.838151	279.537920	0.169942	494.353210	4.457757
	0.475174	341.770808	279.452064	0.169895	494.385884	4.456682
	0.479341	341.702458	279.378306	0.170634	494.402404	4.455655
	0.483510	341.636369	279.317389	0.170127	494.387274	4.454547
	0.487679	341.570166	279.236938	0.170327	494.401265	4.453390
	0.491847	341.504209	279.171986	0.169654	494.396104	4.452308
	0.496015	341.439836	279.095872	0.169814	494.402197	4.451149
	0.500184	341.374531	279.035335	0.170626	494.404547	4.450204
	0.504352	341.310726	278.976568	0.170520	494.397008	4.449199
	0.508520	341.247177	278.916029	0.169866	494.391524	4.448185
	0.512687	341.184801	278.848991	0.169933	494.393598	4.447134
	0.516856	341.121242	278.791350	0.170385	494.395047	4.446228
	0.521025	341.058841	278.725795	0.170966	494.392058	4.445155
	0.525193	340.997263	278.665109	0.169712	494.388250	4.444153
	0.529361	340.937231	278.601584	0.169573	494.378547	4.443053
	0.533530	340.876460	278.534866	0.169371	494.394281	4.442130
	0.537698	340.815073	278.477034	0.170753	494.389960	4.441169
	0.541866	340.754864	278.419946	0.169913	494.380735	4.440176
	0.546034	340.694563	278.365792	0.170170	494.377978	4.439288
	0.550202	340.635229	278.307138	0.169841	494.387072	4.438434
	0.554370	340.575082	278.239881	0.169397	494.403782	4.437511
	0.558539	340.518663	278.195055	0.169832	494.394708	4.436715
	0.562706	340.459081	278.140745	0.169902	494.395073	4.435852
	0.566875	340.401630	278.085463	0.170476	494.399600	4.435011
	0.571043	340.343644	278.034608	0.170284	494.397971	4.434185
	0.575211	340.285916	277.968511	0.169953	494.423267	4.433358
	0.579380	340.228874	277.921827	0.170435	494.410158	4.432496
	0.583548	340.171498	277.879523	0.170445	494.407088	4.431794
	0.587716	340.115096	277.814624	0.170452	494.405480	4.430744
	0.591883	340.059352	277.759897	0.169728	494.403142	4.429851
	0.596052	340.003068	277.703862	0.169910	494.415366	4.429066
	0.600221	339.946447	277.651694	0.170480	494.415297	4.428234
	0.604389	339.890078	277.607883	0.170368	494.404351	4.427437
	0.608557	339.835656	277.564446	0.169717	494.397175	4.426680
	0.612725	339.779138	277.497900	0.169322	494.405718	4.425695
	0.616893	339.724610	277.448401	0.170175	494.406133	4.424909
	0.621062	339.669803	277.402530	0.170379	494.407286	4.424188
	0.625229	339.615567	277.347820	0.170407	494.414453	4.423380
	0.629398	339.560938	277.307588	0.170077	494.394275	4.422558
	0.633567	339.507057	277.245302	0.170512	494.415523	4.421754
	0.637736	339.453546	277.195061	0.169946	494.418877	4.420983
	0.641904	339.400230	277.151675	0.170496	494.418911	4.420291
	0.646072	339.346210	277.111906	0.170943	494.408284	4.419562
	0.650240	339.294679	277.059756	0.170087	494.410332	4.418749
	0.654407	339.240976	277.020931	0.170589	494.403795	4.418071
	0.658576	339.188078	276.955644	0.170238	494.427904	4.417245
	0.662743	339.135468	276.902645	0.170309	494.437760	4.416488
	0.666912	339.083960	276.869768	0.170120	494.409877	4.415714
	0.671080	339.032309	276.819565	0.170177	494.412349	4.414936
	0.675248	338.980752	276.777494	0.170036	494.412507	4.414266
	0.679417	338.928330	276.731095	0.169780	494.420908	4.413601
	0.683585	338.876906	276.686310	0.170334	494.421594	4.412893
	0.687754	338.825001	276.643132	0.170619	494.424022	4.412226
	0.691922	338.774756	276.600562	0.170130	494.415825	4.411474
	0.696091	338.723896	276.543574	0.169947	494.427990	4.410674
	0.700258	338.673448	276.500575	0.170397	494.427744	4.409986
	0.704427	338.622398	276.458669	0.170699	494.425202	4.409295
	0.708594	338.573468	276.411981	0.170570	494.436052	4.408647
	0.712762	338.522190	276.377517	0.170847	494.426397	4.408011
	0.716930	338.472123	276.315585	0.170280	494.461561	4.407337
	0.721100	338.422250	276.301884	0.170580	494.409081	4.406650
	0.725267	338.373720	276.247697	0.170055	494.429914	4.405972
	0.729436	338.323844	276.212077	0.170529	494.419722	4.405313
	0.733604	338.274864	276.169609	0.170316	494.420809	4.404645
	0.737773	338.225460	276.115911	0.170290	494.442764	4.403984
	0.741941	338.176926	276.071415	0.170254	494.444063	4.403286
	0.746109	338.127978	276.041048	0.170407	494.431519	4.402690
	0.750278	338.080687	276.007067	0.170498	494.422866	4.402071
	0.754446	338.032343	275.965075	0.169665	494.416061	4.401341
	0.758615	337.983594	275.922490	0.170602	494.434372	4.400825
	0.762783	337.936300	275.876785	0.170512	494.448029	4.400217
	0.766951	337.889400	275.855603	0.170707	494.411077	4.399551
	0.771119	337.841210	275.808957	0.170332	494.417034	4.398860
	0.775288	337.794317	275.761649	0.170756	494.433954	4.398256
	0.779456	337.746843	275.717460	0.170099	494.447535	4.397672
	0.783625	337.700411	275.681846	0.170588	494.431045	4.396957
	0.787793	337.653328	275.653867	0.169901	494.413279	4.396353
	0.791961	337.606556	275.612247	0.170499	494.424630	4.395790
	0.796129	337.560580	275.573017	0.170735	494.430741	4.395218
	0.800296	337.513939	275.523754	0.170597	494.441893	4.394532
	0.804464	337.468831	275.481209	0.170136	494.461515	4.394028
	0.808634	337.421663	275.455736	0.170248	494.439737	4.393428
	0.812802	337.375957	275.423667	0.170844	494.431634	4.392844
	0.816971	337.330426	275.377909	0.170668	494.444026	4.392225
	0.821141	337.284992	275.340624	0.169783	494.445496	4.391643
	0.825310	337.239279	275.317185	0.169842	494.434180	4.391169
	0.829479	337.194497	275.282101	0.170216	494.432706	4.390596
	0.833647	337.150510	275.233094	0.170277	494.451978	4.389985
	0.837816	337.104401	275.201188	0.170029	494.450292	4.389462
	0.841984	337.059367	275.175760	0.170332	494.419124	4.388779
	0.846152	337.016197	275.139217	0.170347	494.414085	4.388152
	0.850320	336.969549	275.104675	0.170568	494.420757	4.387660
	0.854488	336.926534	275.060025	0.170425	494.456762	4.387267
	0.858656	336.881754	275.030713	0.169546	494.458739	4.386817
	0.862825	336.837814	275.000345	0.170767	494.450002	4.386256
	0.866994	336.793117	274.973736	0.170380	494.444651	4.385784
	0.871163	336.749454	274.962664	0.170305	494.414856	4.385343
	0.875330	336.705936	274.905666	0.170452	494.444896	4.384700
	0.879499	336.662096	274.870265	0.170307	494.461025	4.384278
	0.883667	336.619477	274.846274	0.170772	494.438230	4.383694
	0.887836	336.576682	274.807235	0.169994	494.436521	4.383056
	0.892003	336.533214	274.771319	0.169909	494.445356	4.382561
	0.896171	336.490522	274.741425	0.170370	494.439655	4.382034
	0.900340	336.447797	274.688460	0.170253	494.476916	4.381519
	0.904508	336.405412	274.679298	0.170667	494.442507	4.381068
	0.908676	336.362773	274.650527	0.170061	494.445615	4.380637
	0.912843	336.320933	274.619159	0.170100	494.429394	4.379993
	0.917011	336.277959	274.574259	0.170150	494.457344	4.379524
	0.921179	336.236746	274.542575	0.170450	494.462600	4.379066
	0.925348	336.194702	274.521828	0.170026	494.440765	4.378541
	0.929516	336.152379	274.484997	0.169891	494.450154	4.378037
	0.933683	336.111261	274.465137	0.170495	494.442564	4.377653
	0.937852	336.070241	274.431499	0.170867	494.441339	4.377106
	0.942019	336.028394	274.393013	0.170589	494.452456	4.376590
	0.946187	335.987000	274.367339	0.169482	494.450911	4.376167
	0.950356	335.946510	274.349042	0.169954	494.438747	4.375768
	0.954524	335.905291	274.310222	0.169748	494.447066	4.375222
	0.958693	335.864550	274.269437	0.170442	494.463048	4.374713
	0.962861	335.825403	274.245437	0.170500	494.466842	4.374364
	0.967031	335.783009	274.223429	0.169975	494.449662	4.373861
	0.971199	335.743112	274.197786	0.169955	494.451551	4.373468
	0.975367	335.702878	274.160130	0.170366	494.466741	4.373002
	0.979536	335.663683	274.136278	0.170381	494.462459	4.372584
	0.983704	335.622061	274.111345	0.170407	494.451307	4.372088
	0.987872	335.583476	274.084896	0.170345	494.439484	4.371561
	0.992040	335.543608	274.058108	0.170122	494.446751	4.371198
	0.996209	335.503258	274.030441	0.170201	494.450421	4.370789
	1.000377	335.464217	273.991228	0.170142	494.461768	4.370264
	1.004545	335.424860	273.969648	0.170499	494.458388	4.369890
	1.008713	335.385654	273.950897	0.170454	494.448958	4.369508
	1.012882	335.346791	273.934870	0.170341	494.427830	4.369065
	1.017050	335.307622	273.898596	0.169772	494.451820	4.368699
	1.021219	335.269358	273.863397	0.169880	494.476330	4.368354
	1.025387	335.230032	273.842950	0.170688	494.463676	4.367916
	1.029555	335.191227	273.823529	0.169745	494.447897	4.367467
	1.033724	335.152044	273.802136	0.170075	494.456343	4.367200
	1.037892	335.113570	273.760253	0.170146	494.469751	4.366650
	1.042061	335.076112	273.744774	0.170419	494.459250	4.366311
	1.046230	335.036954	273.719573	0.169857	494.453373	4.365857
	1.050398	334.999808	273.680530	0.170336	494.476111	4.365435
	1.054566	334.960913	273.673575	0.170418	494.438456	4.364992
	1.058734	334.922913	273.639362	0.170162	494.456919	4.364609
	1.062902	334.884707	273.618540	0.169668	494.474874	4.364435
	1.067070	334.847846	273.589488	0.170488	494.471544	4.363942
	1.071238	334.809628	273.566804	0.170533	494.470220	4.363569
	1.075406	334.772636	273.530829	0.170135	494.474252	4.363031
	1.079575	334.734519	273.509228	0.170195	494.468406	4.362635
	1.083743	334.697793	273.486477	0.169941	494.470963	4.362294
	1.087913	334.659339	273.469275	0.170032	494.451801	4.361851
	1.092081	334.622824	273.443470	0.170107	494.466114	4.361565
	1.096249	334.586078	273.420876	0.169465	494.471806	4.361255
	1.100418	334.548589	273.391800	0.169880	494.478827	4.360853
	1.104586	334.512754	273.376140	0.170719	494.469269	4.360519
	1.108754	334.475746	273.353788	0.170070	494.459486	4.360077
	1.112922	334.440016	273.330028	0.170344	494.457681	4.359682
	1.117090	334.402613	273.292966	0.169714	494.489575	4.359372
	1.121258	334.367091	273.280459	0.170068	494.474744	4.359041
	1.125426	334.331107	273.247787	0.170574	494.475044	4.358523
	1.129594	334.295090	273.234949	0.170175	494.459058	4.358177
	1.133762	334.259731	273.208141	0.170489	494.473502	4.357877
	1.137931	334.222984	273.180571	0.171269	494.488148	4.357566
	1.142100	334.187576	273.157547	0.170652	494.494285	4.357253
	1.146281	334.151568	273.146240	0.170577	494.477832	4.356928
	1.150449	334.116263	273.128028	0.170778	494.459824	4.356479
	1.154618	334.081369	273.101214	0.169717	494.475652	4.356190
	1.158786	334.046053	273.083387	0.170210	494.480827	4.355952
	1.162955	334.011004	273.063463	0.169865	494.471231	4.355549
	1.167123	333.975818	273.043893	0.170425	494.462895	4.355164
	1.171292	333.940493	273.014518	0.170174	494.488937	4.354924
	1.175460	333.905093	272.999660	0.169766	494.479259	4.354602
	1.179627	333.870787	272.979825	0.170748	494.468799	4.354194
	1.183795	333.836061	272.973514	0.170137	494.444924	4.353883
	1.187982	333.801163	272.945780	0.170890	494.472646	4.353685
	1.192151	333.765153	272.928591	0.170247	494.474904	4.353430
	1.196318	333.731444	272.916025	0.170249	494.453280	4.353039
	1.200486	333.696626	272.880971	0.170142	494.485263	4.352762
	1.204681	333.661788	272.870768	0.170023	494.468096	4.352448
	1.208869	333.628298	272.848690	0.170135	494.468503	4.352099
	1.213037	333.593476	272.828012	0.170147	494.474670	4.351824
	1.217205	333.559543	272.807427	0.170691	494.486476	4.351599
	1.221373	333.525940	272.793437	0.170208	494.482436	4.351341
	1.225541	333.491406	272.780295	0.169872	494.466139	4.350988
	1.229730	333.457562	272.751083	0.170805	494.478569	4.350631
	1.233902	333.423459	272.732010	0.169870	494.486567	4.350397
	1.238071	333.389442	272.718610	0.170037	494.465425	4.349998
	1.242240	333.356363	272.698464	0.169739	494.465710	4.349679
	1.246408	333.322923	272.670776	0.170224	494.483609	4.349394
	1.250577	333.289484	272.652253	0.169774	494.479270	4.349061
	1.254745	333.255473	272.641078	0.170204	494.472724	4.348825
	1.258913	333.222817	272.620075	0.170442	494.486390	4.348610
	1.263081	333.190341	272.606578	0.170390	494.472675	4.348274
	1.267250	333.156049	272.580466	0.170371	494.482943	4.347948
	1.271419	333.122830	272.560897	0.169918	494.494959	4.347742
	1.275607	333.090479	272.541528	0.170081	494.502194	4.347496
	1.279776	333.058290	272.533265	0.170673	494.478121	4.347153
	1.283944	333.025883	272.519005	0.170477	494.475680	4.346904
	1.288113	332.991938	272.489096	0.169652	494.511848	4.346745
	1.292281	332.959768	272.478706	0.170028	494.501955	4.346492
	1.296449	332.927803	272.457952	0.170319	494.496667	4.346114
	1.300617	332.894057	272.449245	0.170759	494.495756	4.345968
	1.304785	332.862517	272.428411	0.170195	494.494968	4.345628
	1.308953	332.829973	272.395859	0.169919	494.531043	4.345426
	1.313122	332.798256	272.412158	0.170987	494.474935	4.345193
	1.317289	332.765764	272.372564	0.170399	494.515087	4.344914
	1.321457	332.733181	272.363679	0.170831	494.506131	4.344694
	1.325625	332.702327	272.350170	0.170330	494.501184	4.344435
	1.329794	332.669157	272.326681	0.170129	494.516932	4.344199
	1.333962	332.638033	272.312262	0.170286	494.503688	4.343852
	1.338150	332.606306	272.301636	0.170194	494.486907	4.343535
	1.342328	332.574134	272.276019	0.169721	494.494735	4.343195
	1.346496	332.542681	272.262889	0.170576	494.498163	4.343016
	1.350664	332.511564	272.247393	0.170267	494.500863	4.342793
	1.354844	332.481027	272.228185	0.170442	494.504310	4.342516
	1.359013	332.449070	272.226296	0.170292	494.485357	4.342320
	1.363180	332.417531	272.191641	0.170510	494.521119	4.342081
	1.367348	332.386076	272.192743	0.170183	494.508486	4.341988
	1.371516	332.355026	272.177170	0.170445	494.505879	4.341716
	1.375696	332.323559	272.154905	0.170597	494.510748	4.341404
	1.379899	332.292709	272.151377	0.170348	494.499943	4.341253
	1.384068	332.262530	272.130986	0.170716	494.494119	4.340877
	1.388238	332.232350	272.120640	0.169954	494.505846	4.340814
	1.392406	332.200731	272.105376	0.169981	494.499898	4.340519
	1.396593	332.169753	272.089255	0.169995	494.495165	4.340220
	1.400761	332.139254	272.072054	0.170938	494.508248	4.340060
	1.404929	332.108439	272.052606	0.170333	494.509927	4.339765
	1.409097	332.078328	272.042234	0.170117	494.502633	4.339536
	1.413266	332.048030	272.025314	0.170189	494.499174	4.339235
	1.417434	332.016947	272.006531	0.170692	494.516882	4.339091
	1.421602	331.987187	272.005802	0.170118	494.503200	4.338959
	1.425770	331.956392	271.989657	0.170405	494.502549	4.338696
	1.429938	331.925976	271.977366	0.170873	494.506696	4.338536
	1.434106	331.896656	271.955405	0.170450	494.519870	4.338302
	1.438275	331.867523	271.946909	0.170326	494.498180	4.337976
	1.442443	331.836691	271.937181	0.170372	494.496624	4.337807
	1.446611	331.807056	271.923248	0.169981	494.496957	4.337588
	1.450780	331.777222	271.901841	0.170439	494.509357	4.337355
	1.454948	331.747636	271.886819	0.170190	494.517553	4.337187
	1.459117	331.717889	271.883395	0.170294	494.504802	4.337021
	1.463284	331.688237	271.877663	0.170611	494.496568	4.336857
	1.467453	331.658439	271.857800	0.170552	494.505706	4.336620
	1.471622	331.629530	271.854036	0.170386	494.486745	4.336394
	1.475824	331.599522	271.837141	0.170806	494.497753	4.336221
	1.479992	331.570141	271.822800	0.170667	494.504151	4.336048
	1.484182	331.540329	271.813314	0.170119	494.503441	4.335891
	1.488350	331.511152	271.799326	0.170228	494.505303	4.335684
	1.492518	331.482783	271.782257	0.170103	494.520006	4.335541
	1.496686	331.453151	271.768200	0.169803	494.518307	4.335302
	1.500884	331.423701	271.756468	0.170316	494.506929	4.335015
	1.505060	331.395102	271.749667	0.169790	494.501432	4.334858
	1.509228	331.366766	271.732224	0.171533	494.514794	4.334697
	1.513396	331.337448	271.724359	0.170013	494.512315	4.334550
	1.517564	331.308872	271.706292	0.170620	494.513703	4.334274
	1.521733	331.280700	271.693573	0.169784	494.515346	4.334085
	1.525931	331.251276	271.685338	0.170421	494.527154	4.334057
	1.530099	331.224336	271.675117	0.170118	494.513140	4.333771
	1.534266	331.194322	271.669737	0.170589	494.498992	4.333562
	1.538434	331.166444	271.657618	0.170411	494.500629	4.333383
	1.542602	331.137272	271.650323	0.170221	494.494819	4.333215
	1.546770	331.108886	271.631362	0.169728	494.513140	4.333073
	1.550939	331.080350	271.623237	0.170218	494.505878	4.332880
	1.555107	331.052868	271.609996	0.170501	494.511259	4.332716
	1.559275	331.024667	271.603740	0.169994	494.507897	4.332587
	1.563444	330.996596	271.587460	0.170444	494.514230	4.332383
	1.567613	330.968559	271.570151	0.170664	494.534586	4.332285
	1.571782	330.940929	271.575322	0.170382	494.506902	4.332125
	1.575950	330.912990	271.562108	0.170185	494.513134	4.331969
	1.580118	330.885064	271.551010	0.170594	494.524673	4.331893
	1.584286	330.857529	271.541627	0.170686	494.515635	4.331664
	1.588454	330.830580	271.528775	0.170010	494.524627	4.331538
	1.592622	330.801692	271.523420	0.170149	494.521893	4.331428
	1.596790	330.774553	271.516860	0.170275	494.507205	4.331195
	1.600958	330.747869	271.511807	0.170130	494.507121	4.331114
	1.605125	330.720251	271.502093	0.170394	494.498011	4.330879
	1.609294	330.692323	271.479311	0.170607	494.524519	4.330748
	1.613461	330.664533	271.471006	0.170197	494.514626	4.330528
	1.617629	330.637794	271.459535	0.169817	494.514033	4.330340
	1.621797	330.610806	271.450765	0.169991	494.519487	4.330248
	1.625965	330.583091	271.447606	0.170024	494.504597	4.330067
	1.630134	330.556026	271.434330	0.170092	494.513441	4.329933
	1.634302	330.529506	271.420289	0.169416	494.523086	4.329794
	1.638471	330.501800	271.410264	0.170724	494.518672	4.329595
	1.642639	330.475239	271.409591	0.170564	494.514649	4.329549
	1.646807	330.447602	271.395235	0.170598	494.520643	4.329372
	1.650975	330.421033	271.375084	0.170250	494.533067	4.329160
	1.655144	330.393737	271.371819	0.169608	494.536292	4.329136
	1.659313	330.367408	271.370787	0.170337	494.521327	4.328988
	1.663481	330.341093	271.358864	0.170783	494.524614	4.328827
	1.667649	330.314662	271.357807	0.169697	494.517100	4.328744
	1.671817	330.286920	271.337708	0.169931	494.527827	4.328518
	1.675986	330.260261	271.328071	0.170007	494.530070	4.328384
	1.680154	330.233789	271.329279	0.169897	494.507746	4.328207
	1.684322	330.206361	271.328186	0.170739	494.495580	4.328084
	1.688490	330.180211	271.310298	0.170353	494.517305	4.327988
	1.692657	330.154419	271.292226	0.170054	494.525458	4.327771
	1.696825	330.127909	271.291752	0.171010	494.525073	4.327760
	1.700993	330.101156	271.283258	0.170452	494.525623	4.327630
	1.705161	330.075072	271.279511	0.170255	494.509648	4.327430
	1.709329	330.048008	271.278039	0.170213	494.501322	4.327334
	1.713497	330.022687	271.252793	0.170249	494.533959	4.327217
	1.717667	329.995883	271.251856	0.169850	494.526131	4.327133
	1.721835	329.970866	271.247357	0.169839	494.513204	4.326948
	1.726003	329.944116	271.253027	0.170596	494.484992	4.326792
	1.730170	329.917647	271.234791	0.170519	494.506654	4.326691
	1.734339	329.891583	271.224127	0.169795	494.516091	4.326603
	1.738507	329.866486	271.208894	0.169953	494.522149	4.326413
	1.742676	329.840514	271.205554	0.170158	494.513739	4.326286
	1.746843	329.814510	271.200714	0.170299	494.511676	4.326191
	1.751010	329.787931	271.185839	0.170333	494.514623	4.325979
	1.755179	329.762416	271.182320	0.170431	494.516899	4.325943
	1.759347	329.736772	271.175744	0.170589	494.521319	4.325877
	1.763515	329.710509	271.167631	0.170043	494.526883	4.325796
	1.767684	329.684962	271.170152	0.169984	494.511271	4.325700
	1.771853	329.659177	271.147691	0.170632	494.533228	4.325534
	1.776021	329.634608	271.140974	0.170477	494.527579	4.325377
	1.780190	329.608452	271.132282	0.170389	494.528627	4.325248
	1.784358	329.582379	271.127624	0.169535	494.525350	4.325145
	1.788526	329.557547	271.137763	0.170941	494.502528	4.325107
	1.792695	329.531547	271.125180	0.170549	494.507097	4.324946
	1.796863	329.507692	271.113372	0.170310	494.526682	4.324929
	1.801031	329.481419	271.106551	0.170195	494.524061	4.324797
	1.805198	329.455879	271.099604	0.169782	494.517653	4.324630
	1.809366	329.431253	271.093530	0.170492	494.520698	4.324560
	1.813581	329.405399	271.087466	0.170596	494.528021	4.324527
	1.817748	329.380390	271.083355	0.170341	494.528616	4.324467
	1.821916	329.355360	271.086430	0.169884	494.501776	4.324281
	1.826084	329.330402	271.077917	0.170913	494.507562	4.324196
	1.830253	329.305178	271.072759	0.170393	494.507977	4.324117
	1.834421	329.280180	271.065619	0.170216	494.513374	4.324051
	1.838589	329.255838	271.055167	0.170424	494.529804	4.324028
	1.842757	329.230503	271.057046	0.170166	494.514559	4.323924
	1.846965	329.205422	271.046061	0.170630	494.521991	4.323814
	1.851133	329.180798	271.045665	0.169725	494.509748	4.323701
	1.855315	329.156959	271.027052	0.170556	494.533707	4.323613
	1.859484	329.131303	271.025173	0.169850	494.534300	4.323589
	1.863652	329.106604	271.033455	0.170293	494.516603	4.323566
	1.867821	329.082177	271.021682	0.170480	494.515128	4.323365
	1.871989	329.057729	271.016129	0.169938	494.528616	4.323395
	1.876158	329.032941	271.001921	0.169702	494.532828	4.323205
	1.880326	329.007758	271.000338	0.170850	494.529644	4.323152
	1.884494	328.984066	271.015206	0.170215	494.508651	4.323205
	1.888661	328.959117	271.006799	0.170591	494.519227	4.323164
	1.892830	328.935712	270.988795	0.170498	494.525240	4.322929
	1.896998	328.911857	270.971507	0.169993	494.546082	4.322835
	1.901167	328.886368	270.972660	0.170102	494.540847	4.322808
	1.905334	328.863476	270.977497	0.169624	494.513652	4.322647
	1.909502	328.838553	270.975894	0.169954	494.509032	4.322582
	1.913671	328.814828	270.969467	0.170437	494.518942	4.322566
	1.917838	328.791118	270.956317	0.170582	494.527155	4.322428
	1.922006	328.767074	270.956357	0.169965	494.518991	4.322357
	1.926176	328.742543	270.961134	0.170684	494.499014	4.322258
	1.930344	328.719337	270.952105	0.169660	494.516101	4.322264
	1.934512	328.694922	270.941943	0.170358	494.532766	4.322247
	1.938681	328.671629	270.950265	0.170125	494.512516	4.322203
	1.942850	328.648093	270.943543	0.170567	494.514704	4.322115
	1.947018	328.622999	270.933487	0.169576	494.510957	4.321922
	1.951186	328.599753	270.931068	0.170574	494.501164	4.321798
	1.955355	328.575822	270.924792	0.170221	494.513935	4.321809
	1.959522	328.552040	270.914878	0.169804	494.527714	4.321771
	1.963690	328.527929	270.918298	0.170346	494.511241	4.321682
	1.967857	328.503391	270.915316	0.170193	494.510935	4.321632
	1.972025	328.480409	270.902382	0.169816	494.517228	4.321480
	1.976193	328.457223	270.903865	0.170156	494.505284	4.321400
	1.980362	328.433501	270.898962	0.170349	494.526247	4.321505
	1.984553	328.409974	270.898306	0.170621	494.523935	4.321474
	1.988722	328.385749	270.901904	0.169909	494.517284	4.321473
	1.992891	328.362937	270.890636	0.170090	494.517029	4.321291
	1.997059	328.339280	270.877785	0.169961	494.540685	4.321293
	2.001227	328.315757	270.875002	0.169946	494.540437	4.321247
	2.005395	328.291241	270.887156	0.170426	494.511268	4.321186
	2.009563	328.268694	270.879762	0.170304	494.523054	4.321171
	2.013731	328.245613	270.870809	0.170792	494.537226	4.321152
	2.017899	328.221634	270.869337	0.170201	494.527088	4.321039
	2.022069	328.198392	270.865619	0.170041	494.526706	4.320977
	2.026236	328.175007	270.865184	0.170294	494.520985	4.320920
	2.030404	328.152251	270.869565	0.170282	494.511259	4.320905
	2.034590	328.128757	270.865268	0.169812	494.502428	4.320759
	2.038777	328.105207	270.859936	0.170327	494.509924	4.320740
	2.042945	328.082564	270.852385	0.169858	494.516681	4.320678
	2.047113	328.059002	270.839424	0.169657	494.522420	4.320522
	2.051281	328.036824	270.841174	0.170490	494.526598	4.320586
	2.055476	328.013606	270.835829	0.170135	494.515067	4.320400
	2.059645	327.990677	270.836341	0.170429	494.506860	4.320336
	2.063813	327.968299	270.831058	0.169936	494.514373	4.320318
	2.067981	327.944808	270.829896	0.170702	494.514937	4.320304
	2.072190	327.922687	270.842435	0.170569	494.481266	4.320210
	2.076359	327.899843	270.830407	0.170016	494.503203	4.320210
	2.080528	327.877497	270.824251	0.169759	494.509350	4.320165
	2.084725	327.854646	270.820838	0.169600	494.517791	4.320185
	2.088915	327.832013	270.809565	0.170546	494.526217	4.320078
	2.093084	327.809033	270.821532	0.170504	494.500871	4.320048
	2.097253	327.787223	270.812694	0.170854	494.503764	4.319932
	2.101421	327.765592	270.806991	0.169639	494.522862	4.320008
	2.105589	327.742401	270.813620	0.170688	494.510537	4.320006
	2.109758	327.719273	270.832612	0.170121	494.468677	4.319943
	2.113928	327.697048	270.816834	0.170243	494.497887	4.319947
	2.118097	327.674508	270.791215	0.170622	494.543089	4.319933
	2.122265	327.652143	270.800651	0.169778	494.528783	4.319959
	2.126433	327.629281	270.798461	0.170167	494.513356	4.319789
	2.130602	327.608333	270.790803	0.170117	494.515133	4.319682
	2.134771	327.584872	270.783820	0.169913	494.520872	4.319621
	2.138939	327.563840	270.790511	0.170620	494.514510	4.319672
	2.143107	327.541942	270.794647	0.171480	494.510002	4.319699
	2.147275	327.519411	270.798177	0.169789	494.495500	4.319628
	2.151444	327.497118	270.788798	0.169871	494.502096	4.319536
	2.155612	327.474934	270.782928	0.170259	494.518432	4.319585
	2.159780	327.453619	270.779196	0.170297	494.518246	4.319524
	2.163948	327.430807	270.781304	0.170086	494.517121	4.319548
	2.168117	327.408667	270.781012	0.170187	494.511571	4.319495
	2.172284	327.386608	270.784340	0.170696	494.512288	4.319554
	2.176477	327.364794	270.775404	0.169869	494.516647	4.319450
	2.180645	327.342702	270.780001	0.169576	494.504556	4.319418
	2.184814	327.321121	270.772001	0.170021	494.511080	4.319347
	2.188982	327.298786	270.761864	0.170638	494.530583	4.319356
	2.193150	327.277727	270.763608	0.170852	494.530283	4.319381
	2.197318	327.255380	270.766006	0.170525	494.524611	4.319369
	2.201486	327.233470	270.766554	0.170407	494.517302	4.319314
	2.205654	327.212243	270.773881	0.170368	494.503820	4.319313
	2.209822	327.189866	270.769709	0.170151	494.508034	4.319284
	2.213990	327.168477	270.756844	0.170564	494.527686	4.319250
	2.218157	327.146358	270.759978	0.169625	494.526902	4.319293
	2.222326	327.125688	270.744413	0.170012	494.552879	4.319272
	2.226519	327.103724	270.761421	0.170605	494.524604	4.319296
	2.230688	327.082469	270.757988	0.170073	494.519927	4.319201
	2.234888	327.060467	270.748505	0.170013	494.543715	4.319257
	2.239056	327.038490	270.763165	0.169898	494.522124	4.319302
	2.243225	327.017717	270.763806	0.169798	494.520230	4.319296
	2.247428	326.995486	270.747356	0.169610	494.553878	4.319328
	2.251596	326.974928	270.755229	0.169711	494.527803	4.319225
	2.255764	326.953424	270.768399	0.170389	494.506877	4.319253
	2.259933	326.932246	270.764519	0.170927	494.514153	4.319254
	2.264124	326.911729	270.759145	0.170848	494.522540	4.319242
	2.268293	326.890133	270.760527	0.170372	494.517345	4.319219
	2.272461	326.868837	270.765455	0.170639	494.506361	4.319201
	2.276663	326.847254	270.743906	0.170334	494.531363	4.319076
	2.280831	326.826226	270.758247	0.170165	494.514708	4.319159
	2.284999	326.804872	270.768811	0.170060	494.500059	4.319200
	2.289168	326.783361	270.759004	0.169989	494.508220	4.319115
	2.293336	326.763551	270.752548	0.169572	494.523511	4.319145
	2.297503	326.741750	270.746285	0.170102	494.534270	4.319139
	2.301671	326.720744	270.759771	0.170532	494.512765	4.319167
	2.305839	326.699577	270.758528	0.170578	494.514658	4.319163
	2.310007	326.679053	270.761996	0.170277	494.504764	4.319132
	2.314174	326.658319	270.765661	0.170399	494.499669	4.319146
	2.318342	326.637439	270.757895	0.170793	494.522992	4.319226
	2.322510	326.616573	270.753867	0.169907	494.523454	4.319166
	2.326678	326.595200	270.748869	0.170201	494.534538	4.319183
	2.330846	326.574257	270.765290	0.169988	494.519859	4.319317
	2.335015	326.553962	270.767133	0.170419	494.507631	4.319239
	2.339182	326.532854	270.768112	0.169995	494.509701	4.319273
	2.343351	326.512010	270.759079	0.170816	494.532814	4.319331
	2.347520	326.491136	270.758803	0.170557	494.526138	4.319268
	2.351688	326.470991	270.772227	0.170320	494.509654	4.319338
	2.355856	326.450268	270.774127	0.170204	494.505089	4.319329
	2.360023	326.429803	270.771148	0.169989	494.512306	4.319344
	2.364192	326.408603	270.765846	0.169531	494.520580	4.319332
	2.368360	326.388070	270.759004	0.170149	494.527354	4.319282
	2.372529	326.368343	270.773255	0.170854	494.508611	4.319345
	2.376696	326.347338	270.774099	0.170555	494.519155	4.319451
	2.380865	326.326198	270.766158	0.170300	494.518328	4.319317
	2.385033	326.305652	270.757464	0.170127	494.540053	4.319368
	2.389201	326.285351	270.768360	0.170066	494.524465	4.319406
	2.393369	326.265534	270.780784	0.171029	494.504329	4.319428
	2.397557	326.244684	270.773654	0.170339	494.516863	4.319424
	2.401725	326.223757	270.772414	0.170273	494.520064	4.319432
	2.405892	326.203200	270.778831	0.170365	494.523283	4.319562
	2.410061	326.182266	270.764279	0.169834	494.542848	4.319501
	2.414254	326.162432	270.780425	0.169789	494.516795	4.319531
	2.418446	326.141409	270.766785	0.170022	494.544952	4.319560
	2.422614	326.120521	270.772288	0.170927	494.540072	4.319605
	2.426812	326.100459	270.763549	0.170275	494.547765	4.319533
	2.430980	326.080460	270.779128	0.170764	494.521871	4.319555
	2.435189	326.058970	270.770478	0.169773	494.545701	4.319625
	2.439357	326.039438	270.783241	0.170533	494.525305	4.319650
	2.443525	326.019288	270.784328	0.170557	494.522338	4.319642
	2.447694	325.998902	270.781568	0.169956	494.516810	4.319550
	2.451862	325.978252	270.776992	0.171131	494.527833	4.319573
	2.456031	325.958083	270.788748	0.169866	494.521758	4.319707
	2.460199	325.937397	270.792721	0.170106	494.512529	4.319690
	2.464368	325.917911	270.787112	0.169937	494.539980	4.319840
	2.468537	325.898024	270.789944	0.169894	494.534571	4.319838
	2.472736	325.877436	270.790934	0.169475	494.538806	4.319891
	2.476929	325.857619	270.800356	0.170876	494.516600	4.319847
	2.481096	325.837621	270.797905	0.170877	494.529640	4.319922
	2.485264	325.817187	270.793502	0.170740	494.537646	4.319922
	2.489458	325.797168	270.803355	0.170045	494.517390	4.319902
	2.493627	325.777460	270.797859	0.170052	494.534469	4.319964
	2.497818	325.757919	270.808146	0.169794	494.518568	4.319989
	2.501985	325.737643	270.813961	0.170382	494.522790	4.320119
	2.506181	325.718341	270.809493	0.170481	494.535522	4.320159
	2.510349	325.697744	270.820294	0.170606	494.523841	4.320229
	2.514518	325.678752	270.807347	0.170180	494.544860	4.320206
	2.518685	325.658567	270.809733	0.169930	494.535848	4.320165
	2.522854	325.638911	270.813409	0.170801	494.542189	4.320279
	2.527022	325.619788	270.822732	0.170344	494.533012	4.320348
	2.531190	325.599860	270.811652	0.170335	494.537260	4.320208
	2.535358	325.580610	270.820798	0.170023	494.528270	4.320276
	2.539535	325.560702	270.836750	0.170090	494.506030	4.320336
	2.543702	325.541276	270.828996	0.170585	494.516007	4.320299
	2.547871	325.522186	270.815664	0.170826	494.545599	4.320345
	2.552040	325.502983	270.835420	0.170740	494.522754	4.320461
	2.556208	325.482693	270.839099	0.170375	494.510648	4.320413
	2.560377	325.463196	270.838136	0.169842	494.524961	4.320523
	2.564545	325.443521	270.833291	0.170219	494.525475	4.320450
	2.568713	325.425064	270.842222	0.170133	494.518076	4.320528
	2.572880	325.404103	270.837746	0.169654	494.530210	4.320563
	2.577075	325.384889	270.845219	0.170152	494.521284	4.320604
	2.581258	325.365828	270.855844	0.170511	494.511876	4.320691
	2.585427	325.346406	270.851142	0.170474	494.530699	4.320781
	2.589594	325.326932	270.843792	0.170570	494.546459	4.320801
	2.593783	325.308069	270.854887	0.170727	494.542954	4.320948
	2.597959	325.288390	270.862563	0.170070	494.536833	4.321017
	2.602129	325.267878	270.869638	0.170766	494.529423	4.321065
	2.606313	325.248918	270.864977	0.170424	494.539062	4.321075
	2.610481	325.229344	270.862035	0.170307	494.529956	4.320948
	2.614649	325.211453	270.881213	0.170312	494.504531	4.321032
	2.618842	325.192108	270.869558	0.170857	494.530256	4.321071
	2.623011	325.172862	270.880354	0.170273	494.520547	4.321158
	2.627206	325.152562	270.885719	0.169886	494.528947	4.321317
	2.631394	325.134371	270.886827	0.169898	494.533024	4.321370
	2.635562	325.115413	270.904520	0.169908	494.501791	4.321380
	2.639731	325.097122	270.907213	0.170763	494.501890	4.321424
	2.643923	325.077340	270.891921	0.170059	494.537817	4.321494
	2.648092	325.058310	270.898598	0.170758	494.529458	4.321527
	2.652260	325.039869	270.907126	0.170335	494.522459	4.321602
	2.656430	325.020470	270.915435	0.170960	494.519569	4.321709
	2.660598	325.001627	270.910356	0.170771	494.524797	4.321674
	2.664766	324.983307	270.919625	0.170278	494.522749	4.321804
	2.668934	324.964487	270.925751	0.170777	494.523195	4.321905
	2.673103	324.944991	270.931537	0.170758	494.518081	4.321953
	2.677304	324.926183	270.932022	0.171009	494.524218	4.322014
	2.681477	324.906998	270.941882	0.170332	494.501360	4.321972
	2.685646	324.888214	270.933610	0.170584	494.516813	4.321975
	2.689814	324.869921	270.936721	0.169941	494.518463	4.322039
	2.693981	324.851371	270.937248	0.169269	494.533570	4.322179
	2.698186	324.832756	270.925435	0.170080	494.574390	4.322348
	2.702353	324.814181	270.934412	0.170793	494.558300	4.322350
	2.706530	324.795476	270.941540	0.170021	494.527126	4.322192
	2.710699	324.776421	270.940431	0.170631	494.539148	4.322279
	2.714867	324.757721	270.951836	0.170840	494.518872	4.322284
	2.719035	324.738896	270.954302	0.170200	494.533639	4.322452
	2.723203	324.720456	270.963362	0.170050	494.521170	4.322488
	2.727390	324.702498	270.973757	0.170438	494.516677	4.322614
	2.731559	324.683059	270.966823	0.170740	494.535577	4.322669
	2.735726	324.663453	270.972126	0.170322	494.534039	4.322740
	2.739895	324.645054	270.987024	0.169734	494.526732	4.322914
	2.744064	324.626589	270.995794	0.170315	494.515149	4.322952
	2.748233	324.609590	270.988173	0.169959	494.536468	4.323017
	2.752401	324.590354	270.990953	0.170449	494.531589	4.323019
	2.756568	324.570874	270.993484	0.170805	494.528082	4.323029
	2.760737	324.552868	271.003861	0.170583	494.520263	4.323126
	2.764905	324.534866	271.008384	0.170314	494.523206	4.323224
	2.769073	324.515774	271.011937	0.170375	494.519091	4.323244
	2.773241	324.497511	271.003967	0.170050	494.539558	4.323296
	2.777413	324.479180	271.028128	0.170615	494.508166	4.323407
	2.781591	324.460310	271.030560	0.170800	494.508238	4.323447
	2.785759	324.442090	271.031527	0.169656	494.512475	4.323499
	2.789927	324.423556	271.032652	0.170181	494.522097	4.323601
	2.794095	324.405503	271.040563	0.170467	494.517576	4.323688
	2.798284	324.387267	271.043367	0.170022	494.515326	4.323713
	2.802452	324.368920	271.044925	0.170838	494.527785	4.323847
	2.806648	324.350821	271.056748	0.170920	494.525895	4.324019
	2.810831	324.331627	271.058333	0.170125	494.525424	4.324040
	2.815000	324.314092	271.064923	0.170553	494.521639	4.324112
	2.819169	324.295607	271.075753	0.170548	494.510810	4.324190
	2.823337	324.277061	271.072434	0.170406	494.516374	4.324186
	2.827506	324.258900	271.080662	0.170563	494.503849	4.324207
	2.831673	324.240807	271.083619	0.170208	494.511585	4.324322
	2.835841	324.222650	271.084991	0.170757	494.523914	4.324452
	2.840009	324.203453	271.083491	0.170252	494.525763	4.324444
	2.844177	324.185839	271.099175	0.169139	494.512459	4.324578
	2.848368	324.167658	271.100545	0.170032	494.519144	4.324658
	2.852535	324.149712	271.107385	0.170346	494.518397	4.324761
	2.856703	324.131823	271.105206	0.170533	494.527136	4.324803
	2.860890	324.113544	271.116228	0.169728	494.509907	4.324828
	2.865057	324.095793	271.115153	0.170707	494.521256	4.324910
	2.869250	324.078049	271.128525	0.170141	494.514673	4.325066
	2.873418	324.059670	271.132327	0.170336	494.505862	4.325049
	2.877608	324.042493	271.132664	0.169900	494.519901	4.325177
	2.881777	324.023906	271.152842	0.169930	494.505183	4.325371
	2.885968	324.006097	271.159958	0.170750	494.497270	4.325415
	2.890136	323.987413	271.162063	0.170147	494.498753	4.325461
	2.894305	323.969687	271.159521	0.170182	494.536544	4.325751
	2.898472	323.951463	271.173002	0.170004	494.507517	4.325713
	2.902641	323.935129	271.180365	0.170746	494.503489	4.325795
	2.906809	323.917841	271.178196	0.170506	494.524490	4.325944
	2.910977	323.898852	271.181379	0.170030	494.524239	4.325992
	2.915145	323.880793	271.188510	0.170341	494.522402	4.326090
	2.919313	323.863254	271.195562	0.170406	494.504681	4.326048
	2.923482	323.845461	271.192736	0.170344	494.518434	4.326123
	2.927653	323.827772	271.201932	0.169867	494.514476	4.326235
	2.931839	323.810040	271.199648	0.170110	494.515749	4.326210
	2.936007	323.792831	271.211241	0.170310	494.511672	4.326359
	2.940176	323.774513	271.227993	0.169962	494.493230	4.326465
	2.944345	323.757394	271.226258	0.170134	494.522069	4.326689
	2.948513	323.739866	271.225967	0.170392	494.529223	4.326747
	2.952682	323.721164	271.237237	0.169924	494.522974	4.326872
	2.956850	323.704187	271.249537	0.170336	494.501153	4.326878
	2.961019	323.686449	271.268619	0.169719	494.488275	4.327069
	2.965189	323.667427	271.254886	0.170653	494.519518	4.327124
	2.969357	323.650488	271.263322	0.170304	494.520139	4.327264
	2.973541	323.632268	271.268664	0.169379	494.531402	4.327448
	2.977709	323.615871	271.275559	0.169861	494.514411	4.327409
	2.981877	323.597700	271.278160	0.169924	494.509203	4.327405
	2.986045	323.581164	271.288161	0.170268	494.505027	4.327528
	2.990214	323.562074	271.301763	0.169992	494.495676	4.327663
	2.994381	323.545321	271.294337	0.170708	494.511257	4.327681
	2.998569	323.527719	271.299709	0.170460	494.515801	4.327806
	3.002737	323.510280	271.306444	0.169665	494.522970	4.327976
	3.006906	323.492837	271.315871	0.170156	494.509316	4.328007
	3.011096	323.475253	271.319312	0.170394	494.504914	4.328024
	3.015264	323.457120	271.324299	0.170542	494.509213	4.328141
	3.019432	323.440361	271.321045	0.169839	494.540925	4.328366
	3.023601	323.422868	271.339529	0.170604	494.523759	4.328511
	3.027770	323.405361	271.342934	0.170623	494.528093	4.328603
	3.031938	323.388959	271.354101	0.170594	494.518823	4.328700
	3.036107	323.371408	271.349940	0.169835	494.528641	4.328720
	3.040276	323.353681	271.354503	0.170223	494.542621	4.328915
	3.044444	323.337002	271.370251	0.170222	494.518067	4.328951
	3.048612	323.319951	271.377578	0.170969	494.520773	4.329092
	3.052780	323.302753	271.375990	0.170224	494.535636	4.329197
	3.056947	323.285499	271.378355	0.169293	494.539198	4.329266
	3.061116	323.268796	271.382705	0.170102	494.536065	4.329308
	3.065285	323.250867	271.401723	0.170660	494.516617	4.329441
	3.069453	323.234466	271.407021	0.170143	494.515940	4.329519
	3.073621	323.217477	271.406507	0.170201	494.521239	4.329557
	3.077806	323.199817	271.418061	0.170825	494.511291	4.329655
	3.081975	323.182400	271.423829	0.169786	494.514911	4.329778
	3.086143	323.165859	271.433956	0.169752	494.508280	4.329882
	3.090311	323.148521	271.430798	0.169858	494.521792	4.329950
	3.094479	323.131153	271.443761	0.170828	494.512812	4.330078
	3.098647	323.114811	271.452316	0.170154	494.513382	4.330219
	3.102815	323.097362	271.461560	0.170006	494.510091	4.330338
	3.106983	323.079068	271.458206	0.170484	494.536703	4.330518
	3.111151	323.063672	271.473497	0.170544	494.525941	4.330667
	3.115320	323.046350	271.480132	0.170587	494.523538	4.330752
	3.119488	323.029853	271.492427	0.170653	494.511918	4.330846
	3.123656	323.012978	271.496698	0.170216	494.513196	4.330926
	3.127824	322.996232	271.487805	0.170369	494.543344	4.331048
	3.131993	322.979036	271.504356	0.169850	494.525767	4.331158
	3.136162	322.962131	271.513653	0.169447	494.513950	4.331203
	3.140330	322.945113	271.524601	0.170924	494.521443	4.331443
	3.144498	322.928877	271.537031	0.170315	494.499019	4.331445
	3.148698	322.911008	271.535652	0.169867	494.516900	4.331580
	3.152865	322.894691	271.532891	0.170100	494.530127	4.331651
	3.157034	322.877951	271.549483	0.170087	494.505133	4.331697
	3.161212	322.860764	271.549933	0.170167	494.513408	4.331777
	3.165379	322.843948	271.562443	0.170337	494.495559	4.331820
	3.169548	322.826792	271.558274	0.170346	494.528130	4.332039
	3.173717	322.809054	271.564937	0.170515	494.520993	4.332083
	3.177885	322.793714	271.585034	0.170493	494.497086	4.332194
	3.182054	322.776698	271.586940	0.169993	494.504746	4.332291
	3.186222	322.760044	271.594899	0.170108	494.504164	4.332413
	3.190390	322.742634	271.602319	0.169982	494.504751	4.332537
	3.194559	322.726616	271.599696	0.170999	494.523628	4.332660
	3.198726	322.709936	271.622013	0.170523	494.498964	4.332800
	3.202916	322.692397	271.620211	0.169940	494.507991	4.332850
	3.207083	322.675403	271.635761	0.169806	494.493955	4.332976
	3.211251	322.658756	271.642203	0.170719	494.502019	4.333149
	3.215419	322.642771	271.643322	0.170313	494.508237	4.333221
	3.219588	322.625880	271.657087	0.170141	494.496092	4.333334
	3.223756	322.610373	271.672075	0.170117	494.493230	4.333548
	3.227948	322.592181	271.668175	0.170376	494.505325	4.333592
	3.232117	322.575817	271.674030	0.170962	494.515797	4.333777
	3.236308	322.559344	271.693340	0.170209	494.502086	4.333965
	3.240476	322.542692	271.696840	0.169987	494.506094	4.334056
	3.244645	322.526606	271.704849	0.170496	494.506200	4.334185
	3.248838	322.509106	271.721093	0.170427	494.490911	4.334310
	3.253020	322.493222	271.717589	0.170447	494.518627	4.334497
	3.257188	322.477023	271.727719	0.170531	494.501535	4.334509
	3.261384	322.461242	271.733918	0.170170	494.501488	4.334607
	3.265553	322.443748	271.749773	0.170701	494.487942	4.334741
	3.269721	322.427166	271.758744	0.170228	494.492216	4.334922
	3.273890	322.410372	271.756608	0.170275	494.498943	4.334947
	3.278057	322.394207	271.762114	0.170200	494.506286	4.335099
	3.282226	322.378231	271.777606	0.169768	494.494588	4.335244
	3.286393	322.361791	271.785529	0.170322	494.498467	4.335404
	3.290561	322.345329	271.797892	0.169905	494.492422	4.335548
	3.294729	322.329258	271.807226	0.170221	494.489550	4.335672
	3.298923	322.312326	271.807172	0.169427	494.503391	4.335793
	3.303115	322.295583	271.811882	0.170395	494.516167	4.335980
	3.307282	322.279949	271.823739	0.170286	494.495127	4.335984
	3.311450	322.263512	271.829362	0.169677	494.502287	4.336137
	3.315619	322.247200	271.842595	0.170590	494.497792	4.336308
	3.319787	322.230972	271.858735	0.169932	494.486103	4.336463
	3.323955	322.214327	271.867379	0.169979	494.485745	4.336598
	3.328123	322.198883	271.869265	0.171065	494.491383	4.336678
	3.332291	322.181966	271.869549	0.170199	494.508475	4.336832
	3.336460	322.166250	271.882750	0.170050	494.499546	4.336964
	3.340628	322.149608	271.890999	0.169749	494.494900	4.337055
	3.344796	322.133530	271.886830	0.170535	494.526388	4.337265
	3.348964	322.116764	271.912693	0.170072	494.491007	4.337367
	3.353132	322.100283	271.913124	0.169972	494.510692	4.337547
	3.357300	322.084662	271.934697	0.171332	494.496163	4.337763
	3.361468	322.068020	271.948357	0.170232	494.484636	4.337880
	3.365636	322.052288	271.947682	0.170147	494.495878	4.337968
	3.369804	322.035769	271.958010	0.171032	494.487585	4.338060
	3.373972	322.020523	271.958626	0.170073	494.499681	4.338176
	3.378140	322.003882	271.964073	0.169459	494.503029	4.338292
	3.382309	321.986819	271.997152	0.170263	494.472300	4.338550
	3.386477	321.971341	271.992125	0.169982	494.495124	4.338670
	3.390645	321.954618	272.007481	0.170072	494.490819	4.338877
	3.394813	321.938939	272.022829	0.170549	494.469805	4.338938
	3.398982	321.923539	272.012521	0.170925	494.510419	4.339130
	3.403150	321.907400	272.029433	0.170186	494.503233	4.339337
	3.407318	321.890862	272.043813	0.170210	494.484987	4.339406
	3.411486	321.875633	272.045690	0.170056	494.501556	4.339581
	3.415654	321.859554	272.051088	0.170282	494.507692	4.339721
	3.419821	321.844067	272.056864	0.170282	494.502995	4.339772
	3.424000	321.828177	272.059535	0.169877	494.523514	4.339995
	3.428169	321.812969	272.084182	0.170581	494.492667	4.340117
	3.432337	321.796312	272.092443	0.169862	494.505512	4.340362
	3.436505	321.780387	272.098802	0.170070	494.506441	4.340471
	3.440673	321.764338	272.098386	0.170314	494.512596	4.340519
	3.444842	321.748883	272.120975	0.170425	494.488497	4.340667
	3.449010	321.732931	272.130967	0.170426	494.492768	4.340864
	3.453178	321.717567	272.137494	0.170268	494.495943	4.340996
	3.457347	321.701293	272.129222	0.170371	494.517221	4.341051
	3.461558	321.684876	272.139615	0.169656	494.517598	4.341220
	3.465726	321.670192	272.155923	0.170805	494.497330	4.341302
	3.469915	321.653137	272.162916	0.170374	494.504350	4.341476
	3.474084	321.637818	272.173268	0.170321	494.503227	4.341631
	3.478253	321.621741	272.177244	0.170154	494.515768	4.341804
	3.482421	321.605721	272.198633	0.170968	494.492748	4.341944
	3.486590	321.591598	272.207049	0.170720	494.495997	4.342106
	3.490758	321.574486	272.219566	0.170006	494.478827	4.342155
	3.494972	321.558432	272.210082	0.170318	494.512642	4.342301
	3.499153	321.543676	272.233976	0.170367	494.476633	4.342366
	3.503322	321.528324	272.236793	0.170535	494.489434	4.342523
	3.507490	321.512851	272.247934	0.170463	494.475608	4.342579
	3.511659	321.496862	272.261296	0.170259	494.480808	4.342838
	3.515828	321.481101	272.267597	0.170780	494.484021	4.342967
	3.520012	321.465224	272.274502	0.170396	494.480647	4.343047
	3.524180	321.450057	272.290292	0.170891	494.484783	4.343336
	3.528347	321.433998	272.300459	0.170624	494.484344	4.343494
	3.532524	321.418492	272.312110	0.170142	494.475745	4.343604
	3.536692	321.402224	272.314541	0.169920	494.494667	4.343809
	3.540859	321.387483	272.326354	0.170451	494.487976	4.343939
	3.545027	321.371652	272.328954	0.170372	494.492650	4.344021
	3.549208	321.356698	272.346239	0.170053	494.485413	4.344234
	3.553375	321.341374	272.356290	0.170314	494.472818	4.344283
	3.557544	321.325650	272.353215	0.170112	494.502776	4.344497
	3.561713	321.310387	272.371492	0.169884	494.489050	4.344668
	3.565917	321.294274	272.380255	0.169964	494.486608	4.344787
	3.570085	321.279176	272.384554	0.170472	494.492229	4.344905
	3.574254	321.263317	272.401812	0.170502	494.489854	4.345159
	3.578422	321.248084	272.418604	0.170830	494.483383	4.345370
	3.582591	321.232730	272.418291	0.170171	494.492865	4.345448
	3.586759	321.218029	272.425793	0.170104	494.499202	4.345624
	3.590927	321.201587	272.430694	0.170219	494.503524	4.345740
	3.595095	321.186163	272.448017	0.169983	494.494075	4.345933
	3.599284	321.170902	272.453226	0.169313	494.495701	4.346031
	3.603457	321.156100	272.457482	0.170259	494.508705	4.346213
	3.607625	321.140477	272.469006	0.169927	494.497631	4.346299
	3.611793	321.125586	272.484981	0.169903	494.492411	4.346508
	3.615984	321.109616	272.498610	0.170530	494.489049	4.346696
	3.620154	321.094364	272.498325	0.170778	494.511451	4.346888
	3.624322	321.079483	272.521254	0.170511	494.488302	4.347051
	3.628490	321.063763	272.528785	0.170036	494.489411	4.347181
	3.632659	321.048592	272.545669	0.169688	494.480629	4.347373
	3.636826	321.033248	272.536767	0.170344	494.505413	4.347449
	3.640996	321.017632	272.549097	0.170363	494.498402	4.347584
	3.645164	321.003588	272.569968	0.170193	494.474742	4.347709
	3.649332	320.988476	272.578024	0.170601	494.469667	4.347792
	3.653501	320.971910	272.588948	0.170013	494.471758	4.347985
	3.657669	320.957047	272.583969	0.169892	494.490198	4.348068
	3.661837	320.942574	272.607529	0.170282	494.481229	4.348365
	3.666006	320.927022	272.622392	0.170172	494.472910	4.348529
	3.670174	320.912359	272.625923	0.169877	494.484584	4.348688
	3.674342	320.897068	272.642074	0.170647	494.478129	4.348888
	3.678510	320.881939	272.642890	0.170134	494.495893	4.349058
	3.682678	320.866194	272.655827	0.169324	494.493342	4.349242
	3.686848	320.851968	272.671495	0.170944	494.481770	4.349390
	3.691017	320.836276	272.678913	0.170507	494.479640	4.349489
	3.695186	320.821183	272.686090	0.170065	494.477538	4.349585
	3.699353	320.806702	272.700920	0.170133	494.475267	4.349802
	3.703523	320.790128	272.712172	0.170525	494.461489	4.349860
	3.707691	320.776351	272.718202	0.170600	494.482727	4.350143
	3.711859	320.761031	272.720934	0.170552	494.497999	4.350321
	3.716026	320.746503	272.732419	0.169909	494.493059	4.350461
	3.720194	320.730386	272.752228	0.170906	494.482868	4.350687
	3.724362	320.715522	272.764101	0.170593	494.480172	4.350853
	3.728530	320.700436	272.772786	0.170053	494.485490	4.351038
	3.732698	320.684948	272.788033	0.170580	494.472358	4.351166
	3.736866	320.670931	272.782371	0.170384	494.501838	4.351335
	3.741034	320.654947	272.799373	0.170266	494.495765	4.351553
	3.745202	320.640949	272.815328	0.170430	494.480696	4.351675
	3.749407	320.625407	272.829510	0.171241	494.487886	4.351964
	3.753600	320.610689	272.838212	0.170763	494.486776	4.352093
	3.757768	320.594748	272.857195	0.169820	494.464642	4.352201
	3.761958	320.579876	272.859746	0.169924	494.474051	4.352325
	3.766126	320.565739	272.871713	0.170884	494.481738	4.352583
	3.770338	320.551127	272.872168	0.170117	494.501262	4.352762
	3.774506	320.536213	272.894775	0.170295	494.480911	4.352944
	3.778691	320.520789	272.906231	0.169728	494.479054	4.353110
	3.782858	320.505960	272.914793	0.169851	494.484581	4.353295
	3.787026	320.490560	272.926548	0.169884	494.478692	4.353431
	3.791194	320.475719	272.923833	0.169972	494.501947	4.353592
	3.795362	320.462233	272.920648	0.169630	494.520642	4.353706
	3.799530	320.446906	272.955965	0.170724	494.482813	4.353937
	3.803699	320.432076	272.975244	0.170636	494.471751	4.354147
	3.807867	320.417141	272.982942	0.170541	494.478789	4.354331
	3.812035	320.402510	272.987856	0.170113	494.491151	4.354519
	3.816203	320.388079	273.005315	0.170807	494.478399	4.354685
	3.820371	320.373622	273.022238	0.171075	494.466572	4.354851
	3.824539	320.358352	273.018783	0.169880	494.488256	4.354987
	3.828707	320.344361	273.037208	0.170487	494.478556	4.355195
	3.832875	320.329370	273.050214	0.170065	494.471591	4.355341
	3.837044	320.315123	273.053395	0.169834	494.498115	4.355625
	3.841211	320.300144	273.059916	0.170423	494.495588	4.355707
	3.845379	320.285227	273.080769	0.169878	494.477221	4.355878
	3.849547	320.269851	273.098167	0.170186	494.470141	4.356093
	3.853718	320.255248	273.094913	0.169523	494.489745	4.356214
	3.857885	320.241559	273.103751	0.170570	494.496689	4.356416
	3.862055	320.226142	273.134261	0.170485	494.475634	4.356717
	3.866224	320.212418	273.130083	0.170726	494.486781	4.356749
	3.870392	320.197186	273.141511	0.170567	494.495847	4.357011
	3.874591	320.182401	273.158307	0.170278	494.491072	4.357237
	3.878759	320.168163	273.171263	0.169733	494.489785	4.357432
	3.882927	320.153868	273.188814	0.170177	494.470099	4.357539
	3.887096	320.139160	273.201513	0.170746	494.475941	4.357793
	3.891264	320.124424	273.204107	0.170118	494.488219	4.357942
	3.895433	320.110094	273.222697	0.169957	494.473212	4.358107
	3.899601	320.095621	273.226144	0.170464	494.487702	4.358289
	3.903769	320.080502	273.233977	0.170353	494.486811	4.358406
	3.907937	320.066226	273.256463	0.170220	494.476114	4.358671
	3.912105	320.052343	273.271181	0.171367	494.471640	4.358866
	3.916273	320.037242	273.293609	0.170376	494.457566	4.359100
	3.920441	320.023203	273.283964	0.170614	494.495271	4.359278
	3.924646	320.007700	273.301715	0.170299	494.467795	4.359319
	3.928814	319.995029	273.306632	0.170810	494.482133	4.359524
	3.932982	319.980424	273.315830	0.170883	494.483273	4.359681
	3.937151	319.965439	273.334533	0.170226	494.480310	4.359953
	3.941319	319.950899	273.346643	0.170208	494.477691	4.360123
	3.945487	319.936661	273.350047	0.169953	494.498149	4.360358
	3.949655	319.921793	273.369384	0.170227	494.484722	4.360548
	3.953823	319.908024	273.379330	0.169801	494.494177	4.360790
	3.957992	319.893370	273.401671	0.170159	494.472859	4.360958
	3.962160	319.878892	273.416393	0.170386	494.462186	4.361099
	3.966327	319.864041	273.427214	0.170648	494.465588	4.361302
	3.970496	319.850630	273.418637	0.170378	494.496528	4.361438
	3.974665	319.836237	273.442978	0.169942	494.476659	4.361651
	3.978833	319.821872	273.450069	0.170193	494.492156	4.361900
	3.983000	319.808388	273.466665	0.170737	494.485242	4.362104
	3.987168	319.793500	273.476705	0.170228	494.491053	4.362316
	3.991337	319.779114	273.485647	0.169639	494.483142	4.362388
	3.995506	319.765031	273.508802	0.170176	494.463928	4.362588
	3.999718	319.750830	273.505936	0.170678	494.496943	4.362834
	4.003891	319.736281	273.523638	0.170204	494.477547	4.362945
	4.008060	319.721991	273.542329	0.170248	494.470240	4.363179
	4.012229	319.707470	273.548416	0.170799	494.497484	4.363516
	4.016397	319.694359	273.572455	0.170372	494.475079	4.363702
	4.020565	319.679073	273.585149	0.170015	494.476103	4.363914
	4.024733	319.664624	273.600237	0.170324	494.461007	4.364021
	4.028900	319.650611	273.608879	0.170324	494.478626	4.364314
	4.033068	319.637244	273.627250	0.170841	494.463634	4.364475
	4.037238	319.622180	273.623300	0.170834	494.484072	4.364592
	4.041405	319.607680	273.646722	0.169528	494.468547	4.364829
	4.045573	319.593923	273.649031	0.170319	494.485218	4.365013
	4.049741	319.579992	273.679818	0.170287	494.454184	4.365230
	4.053909	319.565780	273.687032	0.170769	494.460771	4.365403
	4.058077	319.551979	273.683053	0.170498	494.483818	4.365543
	4.062246	319.538029	273.708662	0.170416	494.445892	4.365617
	4.066449	319.523814	273.720564	0.170208	494.457273	4.365907
	4.070643	319.509626	273.722621	0.169976	494.469501	4.366048
	4.074811	319.494937	273.744906	0.170010	494.464865	4.366363
	4.079008	319.481289	273.757126	0.170259	494.469071	4.366595
	4.083196	319.466880	273.779178	0.171104	494.455565	4.366827
	4.087364	319.453023	273.788964	0.170301	494.461004	4.367031
	4.091532	319.438818	273.790424	0.170162	494.478560	4.367210
	4.095700	319.425463	273.796984	0.170092	494.485084	4.367372
	4.099893	319.411052	273.830256	0.170508	494.457070	4.367655
	4.104085	319.396984	273.834928	0.170597	494.477545	4.367910
	4.108253	319.382741	273.857023	0.170375	494.452018	4.368037
	4.112421	319.369562	273.857545	0.170096	494.461735	4.368132
	4.116589	319.355171	273.872380	0.170083	494.455525	4.368313
	4.120757	319.341138	273.879892	0.170564	494.454924	4.368428
	4.124925	319.327851	273.892496	0.170292	494.469099	4.368754
	4.129098	319.313668	273.911129	0.170496	494.453714	4.368915
	4.133302	319.299031	273.914393	0.170375	494.471303	4.369123
	4.137469	319.285453	273.925441	0.170581	494.474542	4.369328
	4.141638	319.271129	273.952291	0.170287	494.460347	4.369630
	4.145806	319.257952	273.949212	0.170412	494.476806	4.369727
	4.149974	319.243488	273.979922	0.170180	494.458187	4.370052
	4.154170	319.229651	273.988933	0.169950	494.458684	4.370200
	4.158337	319.215968	274.009228	0.170779	494.450978	4.370456
	4.162506	319.201872	274.016949	0.170842	494.459102	4.370651
	4.166675	319.188828	274.027141	0.170132	494.457891	4.370803
	4.170862	319.175292	274.036301	0.170898	494.465530	4.371016
	4.175030	319.160260	274.055636	0.169977	494.454693	4.371229
	4.179198	319.146591	274.062961	0.169497	494.467715	4.371461
	4.183367	319.133041	274.076785	0.170467	494.464563	4.371653
	4.187534	319.120071	274.087720	0.170423	494.463193	4.371816
	4.191701	319.105598	274.095448	0.170592	494.464262	4.371948
	4.195870	319.092552	274.115607	0.169814	494.458868	4.372222
	4.200070	319.078192	274.128146	0.170638	494.464002	4.372468
	4.204245	319.064040	274.139888	0.170295	494.466367	4.372676
	4.208412	319.050142	274.157373	0.170183	494.468881	4.372977
	4.212581	319.036977	274.168242	0.169983	494.456269	4.373039
	4.216749	319.023193	274.175427	0.170372	494.458557	4.373174
	4.220929	319.010738	274.185952	0.170889	494.453489	4.373297
	4.225110	318.996326	274.208030	0.170366	494.454705	4.373660
	4.229303	318.982438	274.215802	0.170298	494.463665	4.373863
	4.233487	318.968813	274.229103	0.170503	494.457469	4.374020
	4.237655	318.955169	274.242556	0.170040	494.449357	4.374163
	4.241824	318.941417	274.281233	0.170570	494.424655	4.374561
	4.245993	318.927357	274.254369	0.170545	494.482770	4.374647
	4.250186	318.913887	274.280207	0.170529	494.464988	4.374902
	4.254365	318.900463	274.299397	0.171469	494.450844	4.375083
	4.258543	318.886491	274.316180	0.171372	494.443648	4.375287
	4.262712	318.873122	274.314161	0.170500	494.477406	4.375553
	4.266880	318.859884	274.341495	0.170234	494.456266	4.375802
	4.271076	318.846649	274.349541	0.169763	494.462344	4.375984
	4.275245	318.832768	274.358031	0.169803	494.469323	4.376182
	4.279416	318.818822	274.380768	0.170651	494.458577	4.376449
	4.283584	318.805006	274.396825	0.170573	494.454542	4.376670
	4.287752	318.791809	274.404147	0.170982	494.470710	4.376929
	4.291920	318.777432	274.413502	0.170438	494.470646	4.377078
	4.296089	318.765280	274.434073	0.170278	494.452950	4.377250
	4.300279	318.750630	274.447053	0.170447	494.456501	4.377488
	4.304448	318.737214	274.452288	0.170727	494.474619	4.377732
	4.308627	318.724316	274.469143	0.170442	494.473093	4.377987
	4.312796	318.710773	274.490985	0.170060	494.457336	4.378196
	4.316965	318.696326	274.508291	0.170040	494.450131	4.378408
	4.321133	318.684379	274.509080	0.170097	494.467524	4.378575
	4.325323	318.670609	274.527640	0.169867	494.459960	4.378804
	4.329512	318.656487	274.545477	0.170091	494.456725	4.379060
	4.333680	318.643193	274.561256	0.169879	494.445243	4.379210
	4.337849	318.629220	274.569220	0.170054	494.449374	4.379374
	4.342018	318.615718	274.580765	0.170486	494.461003	4.379661
	4.346221	318.602458	274.605424	0.170315	494.439136	4.379860
	4.350390	318.589760	274.621879	0.169677	494.430694	4.380048
	4.354570	318.576060	274.622965	0.170270	494.454075	4.380272
	4.358755	318.562361	274.635188	0.170187	494.448158	4.380415
	4.362924	318.549033	274.645435	0.169655	494.449667	4.380592
	4.367091	318.536239	274.665920	0.170348	494.443739	4.380866
	4.371260	318.522536	274.682215	0.171215	494.433339	4.381034
	4.375428	318.509574	274.690782	0.170874	494.433112	4.381168
	4.379595	318.495737	274.699157	0.170582	494.450905	4.381460
	4.383764	318.482501	274.717229	0.170515	494.450985	4.381749
	4.387933	318.469224	274.731521	0.170328	494.447355	4.381944
	4.392101	318.454914	274.746785	0.170604	494.444054	4.382159
	4.396269	318.443136	274.761587	0.170393	494.445385	4.382406
	4.400438	318.429224	274.774151	0.170376	494.454176	4.382685
	4.404607	318.416103	274.794099	0.170308	494.433680	4.382821
	4.408776	318.403186	274.801756	0.170244	494.448556	4.383075
	4.412944	318.389128	274.823824	0.170558	494.437654	4.383331
	4.417112	318.377579	274.822867	0.170377	494.464402	4.383552
	4.421280	318.363446	274.838400	0.170127	494.455342	4.383720
	4.425448	318.350142	274.856145	0.170814	494.437606	4.383846
	4.429617	318.337006	274.871732	0.170397	494.449207	4.384197
	4.433785	318.323878	274.885005	0.170063	494.456058	4.384470
	4.437953	318.310040	274.891269	0.170524	494.473248	4.384722
	4.442122	318.297104	274.916189	0.170441	494.445432	4.384873
	4.446295	318.284212	274.951583	0.170404	494.415332	4.385170
	4.450464	318.271086	274.933542	0.169865	494.472961	4.385394
	4.454633	318.256820	274.949039	0.169883	494.463810	4.385560
	4.458801	318.244332	274.971070	0.171078	494.453756	4.385822
	4.462970	318.230991	274.986454	0.170075	494.441469	4.385958
	4.467138	318.218167	274.997315	0.170465	494.453134	4.386235
	4.471308	318.204730	275.025813	0.170026	494.438122	4.386556
	4.475477	318.192112	275.038761	0.171093	494.441875	4.386796
	4.479644	318.178532	275.048326	0.170745	494.444695	4.386974
	4.483837	318.164574	275.064911	0.170114	494.435547	4.387157
	4.488006	318.150830	275.077514	0.170039	494.438819	4.387387
	4.492173	318.138977	275.094087	0.170203	494.434347	4.387612
	4.496342	318.126509	275.101675	0.169770	494.445950	4.387836
	4.500539	318.112524	275.125091	0.170457	494.446196	4.388211
	4.504707	318.099858	275.126256	0.170284	494.453390	4.388294
	4.508875	318.086963	275.140464	0.170110	494.444937	4.388445
	4.513043	318.072624	275.169735	0.170176	494.424150	4.388728
	4.517211	318.060707	275.188586	0.170434	494.421056	4.389001
	4.521379	318.046844	275.201835	0.170286	494.420553	4.389208
	4.525548	318.034441	275.203734	0.169987	494.443130	4.389439
	4.529717	318.021522	275.227751	0.169854	494.439438	4.389789
	4.533922	318.008467	275.238295	0.170455	494.437892	4.389943
	4.538090	317.995362	275.250422	0.170391	494.441828	4.390172
	4.542258	317.981821	275.273030	0.170190	494.425459	4.390387
	4.546426	317.969361	275.288862	0.170519	494.432217	4.390699
	4.550617	317.956881	275.297313	0.170234	494.445640	4.390953
	4.554785	317.944282	275.311657	0.170051	494.434501	4.391083
	4.558954	317.931169	275.326843	0.169876	494.429030	4.391277
	4.563150	317.917826	275.339482	0.170211	494.439916	4.391575
	4.567318	317.905186	275.366019	0.170603	494.415742	4.391784
	4.571487	317.892548	275.374993	0.170226	494.430679	4.392060
	4.575656	317.878750	275.386166	0.170041	494.451997	4.392427
	4.579825	317.867080	275.395177	0.170046	494.452224	4.392573
	4.583993	317.853657	275.420831	0.170550	494.431070	4.392794
	4.588162	317.840322	275.430705	0.170782	494.439766	4.393029
	4.592330	317.828063	275.441834	0.169437	494.456754	4.393357
	4.596498	317.815483	275.456975	0.170641	494.455528	4.393588
	4.600693	317.801709	275.483001	0.170200	494.423150	4.393715
	4.604870	317.789302	275.484925	0.170518	494.446321	4.393952
	4.609038	317.776323	275.497429	0.169965	494.452983	4.394211
	4.613223	317.762932	275.521208	0.170048	494.441518	4.394488
	4.617390	317.751493	275.527590	0.170841	494.453778	4.394699
	4.621572	317.737310	275.547415	0.170172	494.442587	4.394915
	4.625739	317.725292	275.567982	0.170158	494.425344	4.395090
	4.629906	317.711716	275.571790	0.170674	494.435957	4.395245
	4.634074	317.699578	275.598122	0.169495	494.418694	4.395512
	4.638241	317.687092	275.603560	0.170525	494.434068	4.395735
	4.642409	317.674178	275.608333	0.170740	494.436906	4.395836
	4.646577	317.660632	275.624764	0.170469	494.442254	4.396146
	4.650744	317.648192	275.645382	0.170043	494.432095	4.396385
	4.654912	317.636926	275.665894	0.170227	494.429587	4.396689
	4.659078	317.622771	275.684742	0.170637	494.425246	4.396951
	4.663245	317.609926	275.694935	0.169804	494.423546	4.397099
	4.667413	317.597972	275.705104	0.170355	494.426265	4.397285
	4.671621	317.584758	275.712674	0.170545	494.434984	4.397484
	4.675788	317.572578	275.735804	0.170309	494.429248	4.397801
	4.679957	317.559946	275.745801	0.170264	494.423445	4.397909
	4.684125	317.547771	275.762841	0.170396	494.430624	4.398245
	4.688332	317.535106	275.782331	0.170708	494.432350	4.398571
	4.692499	317.522624	275.796618	0.170322	494.429698	4.398775
	4.696675	317.509499	275.807533	0.169476	494.453730	4.399163
	4.700842	317.496358	275.820714	0.169923	494.449978	4.399340
	4.705010	317.484209	275.842336	0.170502	494.437555	4.399575
	4.709177	317.472172	275.864080	0.170187	494.423363	4.399795
	4.713344	317.458459	275.875223	0.170300	494.430666	4.400038
	4.717511	317.446441	275.891893	0.170720	494.417499	4.400186
	4.721678	317.433421	275.908339	0.171168	494.422014	4.400489
	4.725846	317.420953	275.913228	0.170069	494.436378	4.400695
	4.730013	317.409337	275.922024	0.170095	494.445134	4.400913
	4.734180	317.395687	275.939297	0.170172	494.435679	4.401104
	4.738347	317.383941	275.945705	0.170056	494.453952	4.401369
	4.742514	317.371927	275.968650	0.170776	494.440310	4.401614
	4.746682	317.359459	275.991126	0.170213	494.433285	4.401910
	4.750848	317.346497	276.019355	0.170687	494.419143	4.402234
	4.755016	317.334138	276.025960	0.170705	494.425783	4.402398
	4.759183	317.321332	276.043657	0.169861	494.425359	4.402677
	4.763350	317.309184	276.051780	0.170001	494.439065	4.402929
	4.767518	317.296502	276.063195	0.170320	494.438142	4.403102
	4.771685	317.284457	276.072845	0.170746	494.449701	4.403359
	4.775852	317.272124	276.095032	0.169720	494.437090	4.403601
	4.780019	317.259711	276.108928	0.170093	494.439504	4.403844
	4.784187	317.247612	276.117890	0.170117	494.433283	4.403931
	4.788354	317.234823	276.138888	0.170348	494.430159	4.404239
	4.792521	317.222067	276.154369	0.170255	494.439573	4.404569
	4.796688	317.210258	276.169067	0.170594	494.435532	4.404768
	4.800855	317.197262	276.181587	0.170660	494.444758	4.405050
	4.805023	317.185940	276.202156	0.170253	494.440967	4.405344
	4.809190	317.173059	276.220552	0.170114	494.429766	4.405538
	4.813358	317.160556	276.250232	0.170164	494.412458	4.405857
	4.817526	317.147609	276.253480	0.169835	494.419773	4.405974
	4.821694	317.136561	276.262545	0.170696	494.435109	4.406255
	4.825862	317.123271	276.277512	0.169361	494.431406	4.406461
	4.830049	317.110953	276.294437	0.170266	494.434018	4.406754
	4.834217	317.098916	276.314995	0.171061	494.429917	4.407045
	4.838385	317.085937	276.325174	0.170292	494.438929	4.407288
	4.842553	317.073817	276.334248	0.170183	494.451319	4.407543
	4.846721	317.061481	276.368772	0.170522	494.427908	4.407885
	4.850912	317.049586	276.382486	0.169880	494.428626	4.408110
	4.855080	317.036666	276.386607	0.169646	494.440091	4.408278
	4.859248	317.024320	276.396232	0.169703	494.447014	4.408493
	4.863417	317.012821	276.428314	0.170844	494.421276	4.408775
	4.867626	316.999489	276.454695	0.170431	494.417760	4.409165
	4.871804	316.988513	276.465824	0.170626	494.425651	4.409413
	4.875974	316.975646	276.465270	0.169787	494.442730	4.409556
	4.880173	316.964062	276.484271	0.169687	494.433133	4.409774
	4.884341	316.950827	276.505989	0.170936	494.425297	4.410050
	4.888509	316.939353	276.522279	0.170275	494.418305	4.410248
	4.892716	316.926578	276.522199	0.170055	494.449799	4.410527
	4.896884	316.914047	276.551852	0.170653	494.418606	4.410722
	4.901081	316.901507	276.573034	0.170221	494.420107	4.411073
	4.905249	316.889379	276.584940	0.170963	494.420558	4.411267
	4.909417	316.877809	276.601729	0.170078	494.429719	4.411617
	4.913585	316.865143	276.610716	0.169682	494.441111	4.411862
	4.917781	316.852964	276.629202	0.169835	494.426073	4.412022
	4.921949	316.840840	276.644254	0.170577	494.442390	4.412408
	4.926117	316.829009	276.652413	0.170703	494.453810	4.412640
	4.930286	316.817193	276.679202	0.170410	494.441193	4.412955
	4.934455	316.803996	276.700260	0.170749	494.425158	4.413147
	4.938622	316.792027	276.711151	0.169977	494.442892	4.413479
	4.942829	316.779491	276.728931	0.170526	494.430200	4.413650
	4.946997	316.767254	276.738719	0.169328	494.435432	4.413853
	4.951183	316.756144	276.771538	0.170371	494.408885	4.414139
	4.955375	316.743182	276.770495	0.170703	494.439898	4.414399
	4.959543	316.731367	276.798598	0.170330	494.436056	4.414813
	4.963711	316.719316	276.807277	0.170829	494.435363	4.414945
	4.967921	316.707161	276.829828	0.171043	494.440013	4.415347
	4.972099	316.693920	276.844667	0.170267	494.438064	4.415566
	4.976293	316.682323	276.860004	0.170323	494.443759	4.415861
	4.980486	316.670226	276.879390	0.170003	494.440248	4.416139
	4.984655	316.658592	276.896391	0.170207	494.440440	4.416412
	4.988823	316.646312	276.911423	0.170557	494.430207	4.416560
	4.993015	316.634073	276.943682	0.170688	494.406826	4.416866
	4.997183	316.622047	276.940001	0.169780	494.449467	4.417188
	5.001350	316.610014	276.950841	0.169964	494.449886	4.417365
	5.005519	316.598076	276.977245	0.170006	494.431091	4.417618
	5.009686	316.586312	276.998567	0.170082	494.424898	4.417903
	5.013855	316.574544	277.009724	0.170178	494.427763	4.418106
	5.018023	316.561819	277.020933	0.169642	494.441941	4.418412
	5.022192	316.550082	277.031715	0.170714	494.443042	4.418594
	5.026360	316.537708	277.060781	0.170578	494.429212	4.418934
	5.030529	316.525721	277.069360	0.170279	494.436716	4.419138
	5.034696	316.513439	277.082260	0.170843	494.439127	4.419365
	5.038865	316.501682	277.103184	0.170107	494.434259	4.419655
	5.043033	316.489626	277.118582	0.169745	494.437600	4.419931
	5.047201	316.478071	277.138008	0.170424	494.423981	4.420119
	5.051369	316.466061	277.158427	0.170401	494.425848	4.420461
	5.055537	316.453827	277.170515	0.170624	494.414666	4.420554
	5.059704	316.441071	277.179271	0.170074	494.432623	4.420854
	5.063873	316.430291	277.200967	0.170373	494.421264	4.421098
	5.068041	316.418123	277.225096	0.170393	494.408842	4.421372
	5.072254	316.406563	277.227083	0.170247	494.429010	4.421584
	5.076423	316.393999	277.240138	0.169704	494.438293	4.421876
	5.080592	316.381939	277.268893	0.170044	494.422118	4.422189
	5.084759	316.370028	277.294084	0.170467	494.409426	4.422478
	5.088927	316.358679	277.303557	0.170205	494.415789	4.422686
	5.093111	316.345528	277.314122	0.170363	494.436051	4.423035
	5.097279	316.334729	277.340847	0.170402	494.422852	4.423344
	5.101448	316.323553	277.355105	0.170668	494.433266	4.423664
	5.105616	316.310304	277.365328	0.170251	494.442753	4.423912
	5.109784	316.298977	277.390223	0.169931	494.430986	4.424204
	5.113952	316.287638	277.410662	0.171187	494.422824	4.424457
	5.118120	316.276114	277.431660	0.170181	494.408801	4.424666
	5.122309	316.263239	277.446454	0.170714	494.413337	4.424943
	5.126478	316.251664	277.454122	0.170613	494.420132	4.425126
	5.130646	316.240212	277.469428	0.169980	494.430333	4.425461
	5.134851	316.228724	277.493515	0.170343	494.420208	4.425755
	5.139019	316.215739	277.495828	0.170046	494.442656	4.425993
	5.143220	316.204564	277.529392	0.169817	494.415317	4.426283
	5.147387	316.192829	277.541184	0.170058	494.423373	4.426543
	5.151571	316.180719	277.550041	0.170019	494.430191	4.426746
	5.155769	316.169663	277.561424	0.170502	494.437281	4.426991
	5.159938	316.157199	277.599378	0.171000	494.406239	4.427318
	5.164107	316.145594	277.611460	0.170055	494.413749	4.427578
	5.168289	316.133897	277.622233	0.170368	494.424652	4.427848
	5.172479	316.121578	277.638752	0.170787	494.412554	4.428003
	5.176647	316.110510	277.663245	0.170652	494.411104	4.428380
	5.180846	316.098491	277.678623	0.170506	494.408579	4.428603
	5.185014	316.086562	277.697909	0.170093	494.404242	4.428872
	5.189182	316.075016	277.711444	0.170709	494.419137	4.429221
	5.193368	316.062640	277.722166	0.171175	494.429527	4.429485
	5.197537	316.052329	277.749537	0.170137	494.408111	4.429730
	5.201705	316.039759	277.763120	0.170064	494.413141	4.429992
